(240,1133)
(473,1125)
(1005,1140)
(1350,1125)
(1245,1560)
(1817,1560)
(1590,2116)
(1470,2086)
(106,239)
(1274,1230)
(1304,1231)
(1349,1575)
(1491,1755)
(2130,929)
(944,1755)
(945,1484)
(1049,1561)
(1169,1200)
(1260,1741)
(1273,1162)
(1304,1681)
(1572,765)
(1890,1559)
(1919,810)
(1920,570)
(1937,750)
(2447,749)
(1064,2383)
(1108,974)
(1110,1020)
(1229,1709)
(1334,1462)
(1364,1425)
(1409,1244)
(1981,2355)
(2132,2069)
(2715,1723)
(1124,704)
(1140,1726)
(1199,1199)
(1214,1619)
(1229,1418)
(1349,1364)
(1365,1395)
(1395,1410)
(1438,1792)
(1482,1576)
(1573,1126)
(1625,936)
(1753,631)
(1858,584)
(2565,1103)
(2655,1813)
(2792,1815)
(1199,1680)
(1431,1756)
(1920,1079)
(1936,2444)
(1997,930)
(2087,808)
(2303,2070)
(1004,728)
(1020,975)
(1199,1763)
(1259,766)
(1289,795)
(1318,1058)
(1363,787)
(1425,1200)
(1438,1065)
(1514,1861)
(1574,1905)
(1589,1725)
(1801,1470)
(1817,643)
(1846,1651)
(1875,1096)
(1950,1409)
(2071,2265)
(2386,1859)
(2415,824)
(2432,1109)
(2490,1545)
(2581,1562)
(2985,1291)
(898,2385)
(1109,1681)
(1152,1568)
(1199,974)
(1227,584)
(1259,1417)
(1273,1290)
(1273,1568)
(1319,1363)
(1348,727)
(1423,720)
(1424,908)
(1491,1087)
(1530,2033)
(1574,734)
(1647,165)
(1694,1574)
(2011,2175)
(2086,1980)
(2228,1920)
(2387,2398)
(2551,1561)
(2598,1653)
(2730,1153)
(2909,1605)
(853,209)
(1214,1230)
(1244,1246)
(1258,704)
(1273,961)
(1303,1403)
(1347,1216)
(1437,210)
(1437,855)
(1468,210)
(1619,1034)
(1785,643)
(1844,629)
(1859,382)
(1890,644)
(1890,2295)
(1950,343)
(2147,1200)
(2295,735)
(2333,2077)
(2430,1567)
(2446,1388)
(2504,742)
(2520,1559)
(2620,1575)
(2699,1290)
(2821,1665)
(2910,1637)
(3104,1303)
(571,1628)
(733,1696)
(793,749)
(1034,1740)
(1064,2416)
(1169,2385)
(1349,704)
(1380,1367)
(1483,1403)
(1499,1350)
(1521,1755)
(1672,1913)
(1695,615)
(1890,570)
(1903,147)
(1905,315)
(2118,1200)
(2447,2083)
(2521,1935)
(2760,1635)
(2789,1110)
(2818,779)
(757,1073)
(944,2289)
(966,1433)
(1003,210)
(1153,1448)
(1236,967)
(1304,764)
(1367,2564)
(1439,2583)
(1559,615)
(1635,779)
(1665,681)
(1725,630)
(1725,1049)
(1831,1094)
(1890,1393)
(1934,590)
(1936,2191)
(2160,1515)
(2370,1126)
(2415,1755)
(2476,1831)
(2805,840)
(734,1843)
(736,329)
(884,959)
(901,1755)
(923,959)
(1032,30)
(1213,787)
(1348,390)
(1349,766)
(1349,2204)
(1363,193)
(1469,1928)
(1559,2564)
(1620,163)
(1724,1230)
(1725,498)
(1769,1289)
(1814,493)
(1903,1034)
(2144,1126)
(2500,997)
(2610,1116)
(2663,1657)
(255,961)
(449,809)
(541,645)
(571,794)
(599,645)
(740,1087)
(831,1809)
(960,734)
(1050,921)
(1123,1574)
(1183,779)
(1288,1131)
(1499,1514)
(1514,778)
(1619,298)
(1672,2018)
(1681,1740)
(1694,1095)
(1695,1875)
(1942,302)
(1946,179)
(1960,713)
(2010,1417)
(2115,2267)
(2507,1447)
(2521,1003)
(2611,1796)
(2613,1696)
(2693,1731)
(225,1999)
(358,119)
(433,899)
(465,1321)
(525,1197)
(527,1320)
(553,735)
(659,2086)
(735,1784)
(763,1605)
(1079,855)
(1198,417)
(1243,1169)
(1274,1470)
(1333,2565)
(1393,765)
(1394,1200)
(1469,2581)
(1558,120)
(1724,285)
(1769,1740)
(2117,1949)
(2176,1440)
(2341,1245)
(2468,1410)
(2610,1425)
(2697,741)
(2997,779)
(3149,1096)
(300,1305)
(313,538)
(314,1484)
(433,1681)
(479,464)
(494,1995)
(508,802)
(548,1125)
(791,2548)
(822,2616)
(868,2400)
(870,1576)
(916,2585)
(929,734)
(988,2183)
(1018,585)
(1032,712)
(1109,1831)
(1147,1409)
(1318,704)
(1334,2386)
(1394,855)
(1410,1380)
(1588,411)
(1663,1103)
(1785,584)
(1889,1019)
(2100,1273)
(2267,1388)
(2686,1619)
(2717,1618)
(194,226)
(225,1287)
(734,1199)
(821,2549)
(838,1575)
(1063,269)
(1093,195)
(1093,704)
(1184,2355)
(1258,855)
(1392,989)
(1395,374)
(1409,704)
(1424,2416)
(1467,1276)
(1499,2295)
(1590,344)
(1649,734)
(1768,1246)
(2025,930)
(2161,1274)
(2174,1530)
(2304,2003)
(2371,1291)
(2461,855)
(2549,749)
(2552,1740)
(2700,1170)
(328,1996)
(329,508)
(554,2070)
(577,726)
(695,1485)
(762,1290)
(778,899)
(897,855)
(958,43)
(1011,1441)
(1063,2302)
(1213,2497)
(1229,2123)
(1558,1050)
(1582,1026)
(1611,1478)
(1663,780)
(1693,810)
(1694,907)
(1724,1463)
(2072,2683)
(2132,1305)
(2237,1889)
(2251,1275)
(2341,2424)
(2596,1740)
(2726,1657)
(2868,2010)
(3077,1846)
(3179,2591)
(254,535)
(256,2194)
(287,1284)
(372,2549)
(403,2521)
(418,670)
(465,2417)
(569,1920)
(707,1530)
(766,2550)
(771,1679)
(870,1432)
(881,2549)
(1019,1229)
(1019,2182)
(1049,1170)
(1080,1019)
(1094,1261)
(1138,1679)
(1317,2206)
(1349,2807)
(1581,1088)
(1664,1831)
(1755,300)
(1768,1049)
(1919,1469)
(1981,2293)
(2042,1306)
(2191,2100)
(2251,2085)
(2544,1844)
(2914,1469)
(2939,1470)
(2939,1515)
(3184,2549)
(208,960)
(211,1396)
(327,58)
(418,1635)
(509,675)
(525,960)
(629,1755)
(642,2552)
(673,2554)
(845,1545)
(867,2746)
(991,1440)
(1020,1575)
(1065,1183)
(1093,2670)
(1115,1493)
(1379,704)
(1513,209)
(1769,1470)
(2014,569)
(2065,2529)
(2203,45)
(2311,1560)
(2536,2085)
(2580,1380)
(2581,1433)
(2612,1372)
(2730,1004)
(2759,1110)
(2820,935)
(2958,2686)
(3179,2636)
(3299,960)
(3389,1936)
(389,976)
(389,2399)
(403,1575)
(461,2551)
(494,960)
(550,2551)
(619,2551)
(742,1914)
(1058,1252)
(1184,2116)
(1197,254)
(1363,2116)
(1446,1366)
(1468,705)
(1528,525)
(1544,689)
(1604,1186)
(1619,1216)
(1633,600)
(1755,1094)
(1755,2250)
(1860,2671)
(1891,2384)
(2160,1469)
(2221,1425)
(2266,2587)
(2415,32)
(2417,1913)
(2642,1290)
(2656,1605)
(2700,1021)
(2702,1125)
(2716,2595)
(2851,2386)
(2854,742)
(2882,2190)
(240,1484)
(528,2551)
(556,1981)
(569,1741)
(585,959)
(614,199)
(672,2585)
(727,1890)
(732,2549)
(761,2584)
(771,1560)
(795,2584)
(900,1439)
(958,2497)
(975,1476)
(1139,2596)
(1151,2498)
(1258,614)
(1274,2272)
(1347,854)
(1348,2776)
(1439,704)
(1484,764)
(1588,615)
(1918,27)
(1943,2116)
(2491,2128)
(2659,2686)
(2731,1935)
(2844,2693)
(2851,2445)
(3078,511)
(524,2085)
(539,1546)
(554,960)
(597,298)
(658,1936)
(734,2041)
(778,1835)
(808,1544)
(825,2585)
(867,1545)
(869,1177)
(870,1856)
(1076,2731)
(1078,464)
(1288,615)
(1320,1305)
(1364,88)
(1499,2553)
(1619,1274)
(1635,1501)
(1769,2686)
(1950,1199)
(3172,1636)
(3172,1888)
(3254,1633)
(242,1066)
(329,2176)
(449,570)
(614,1276)
(614,1627)
(614,2585)
(641,2584)
(661,2376)
(701,2548)
(705,2585)
(769,463)
(794,1462)
(840,1177)
(883,2587)
(1153,1238)
(1438,1500)
(1453,989)
(1528,240)
(1602,2671)
(1726,743)
(1770,2743)
(1873,2715)
(1904,2085)
(1921,1395)
(2014,389)
(2039,615)
(2236,823)
(2274,2393)
(2505,2025)
(2536,1440)
(2595,2011)
(2643,1528)
(2909,899)
(2912,1061)
(2926,2596)
(2940,1155)
(3014,2684)
(3152,2545)
(3376,1276)
(58,1128)
(105,413)
(118,1966)
(133,556)
(195,2179)
(315,1726)
(359,1830)
(389,644)
(404,2549)
(436,435)
(464,434)
(630,1567)
(846,2583)
(852,1500)
(1214,2603)
(1243,2364)
(1394,2116)
(1408,285)
(1807,2167)
(2025,1244)
(2114,29)
(2703,2265)
(2773,1034)
(2852,2189)
(2970,1380)
(3145,2638)
(3146,2591)
(119,496)
(162,553)
(210,1058)
(222,2159)
(313,2550)
(326,479)
(690,1424)
(837,465)
(898,1186)
(916,1139)
(929,1439)
(1012,1478)
(1018,1185)
(1169,2416)
(1800,1665)
(2555,2190)
(2716,29)
(2879,2700)
(2907,1107)
(3027,934)
(3223,2446)
(3344,1229)
(105,1440)
(150,1574)
(419,825)
(464,2041)
(644,322)
(801,2018)
(839,1124)
(869,494)
(973,706)
(1109,2085)
(1169,735)
(1589,1290)
(1710,2146)
(1822,2572)
(1869,2572)
(2099,2685)
(2251,1807)
(2311,2430)
(2460,824)
(2552,1635)
(2673,938)
(2792,1287)
(2880,897)
(2882,1980)
(3001,2472)
(3405,1844)
(73,586)
(102,572)
(165,963)
(195,1123)
(326,1395)
(330,975)
(449,1649)
(809,2387)
(1057,1447)
(1078,2497)
(1086,2604)
(1200,150)
(1290,2198)
(1499,165)
(1529,764)
(1859,1394)
(1921,2355)
(2356,2129)
(2431,914)
(2551,1387)
(2582,1920)
(3031,2474)
(3059,1936)
(3061,1753)
(3120,1666)
(3121,1937)
(3301,1905)
(3436,1455)
(109,934)
(192,585)
(253,2548)
(315,1530)
(358,900)
(419,2386)
(540,1830)
(581,2550)
(592,2585)
(690,769)
(917,2550)
(961,982)
(1378,2265)
(1514,1096)
(1528,855)
(1558,525)
(1635,2669)
(1694,2326)
(1695,1395)
(1739,1921)
(1922,179)
(1936,2288)
(1950,389)
(2100,1452)
(2610,2266)
(2671,840)
(2700,1095)
(2791,1996)
(2851,1830)
(2895,30)
(3119,286)
(3138,2322)
(3255,1095)
(150,1305)
(225,2583)
(270,675)
(270,1575)
(288,2550)
(291,1785)
(314,883)
(687,2385)
(824,766)
(867,2505)
(973,2288)
(1109,1148)
(1110,1402)
(1137,2190)
(1408,615)
(1438,615)
(2281,1201)
(2342,1574)
(2369,855)
(2506,2205)
(2747,2776)
(2803,507)
(2821,1734)
(3001,2294)
(3180,2726)
(3180,2772)
(3268,2026)
(74,1425)
(150,1485)
(164,1545)
(179,1063)
(180,1997)
(255,2582)
(298,705)
(329,2126)
(450,662)
(629,2379)
(1124,240)
(1256,2506)
(1529,1636)
(1995,1470)
(2312,1921)
(2340,1754)
(2493,187)
(2583,2267)
(2836,1396)
(2970,1560)
(3074,2296)
(3180,2161)
(3188,2100)
(3270,2124)
(3329,2264)
(90,1831)
(105,1787)
(106,860)
(194,1546)
(300,1650)
(346,2547)
(523,2586)
(555,2585)
(749,1432)
(898,390)
(914,1244)
(966,1199)
(1094,345)
(1184,1263)
(1227,614)
(1583,914)
(2101,2398)
(3032,1560)
(3134,1006)
(3144,2685)
(3144,2732)
(3156,2773)
(45,556)
(107,544)
(231,2551)
(238,1398)
(329,2641)
(360,512)
(403,2585)
(493,2586)
(600,1755)
(765,615)
(1251,2175)
(1318,615)
(1439,300)
(1514,1049)
(1603,2806)
(1845,2776)
(1919,1258)
(1980,2265)
(2040,2716)
(2567,2693)
(2790,2337)
(89,1396)
(119,1142)
(240,894)
(284,2582)
(390,676)
(434,120)
(436,2550)
(642,692)
(740,1952)
(839,2281)
(1032,1020)
(1228,283)
(1288,704)
(1588,314)
(1754,1530)
(1981,1410)
(2296,1945)
(2579,29)
(2580,2192)
(2731,2446)
(2745,2175)
(3014,1037)
(3208,2205)
(150,2657)
(179,895)
(214,561)
(317,2579)
(436,2581)
(581,200)
(855,344)
(868,2280)
(1129,2280)
(1199,27)
(1348,615)
(2166,44)
(2356,1936)
(2745,1770)
(2776,2025)
(3059,1649)
(298,973)
(418,314)
(496,2551)
(822,314)
(1154,232)
(1167,2746)
(1483,1043)
(1559,1665)
(1603,1641)
(1663,1171)
(2251,1470)
(2274,1996)
(2912,2295)
(2985,2699)
(3092,1560)
(3196,2138)
(3315,2446)
(3390,1724)
(145,1395)
(197,2578)
(435,706)
(450,1455)
(660,1815)
(674,108)
(742,2577)
(914,1935)
(1124,404)
(1447,2304)
(1573,1260)
(1648,2552)
(2508,2176)
(2551,1470)
(2597,2603)
(2671,1110)
(2816,2806)
(2818,1275)
(3214,1200)
(3344,1500)
(463,2586)
(495,1110)
(716,123)
(1890,2671)
(1964,2641)
(2356,2098)
(2477,2417)
(2746,2597)
(2971,1815)
(3360,1650)
(3375,1197)
(3405,1649)
(449,1538)
(504,199)
(568,2379)
(599,1125)
(2011,2355)
(2627,2686)
(2657,2445)
(2716,987)
(2746,1575)
(2805,2551)
(3136,2100)
(3150,1785)
(3164,2327)
(3239,1996)
(3375,2352)
(134,849)
(180,1936)
(349,2578)
(400,1504)
(550,222)
(584,2101)
(673,1845)
(1003,406)
(1378,615)
(1393,29)
(1454,374)
(1802,1090)
(2071,2010)
(2342,2394)
(2432,2607)
(2505,898)
(2864,1380)
(101,354)
(1424,2519)
(1981,223)
(3375,1560)
(61,421)
(167,266)
(167,364)
(328,928)
(372,2584)
(599,2401)
(1139,674)
(1995,2088)
(2011,2543)
(2447,2519)
(2957,1845)
(3452,1292)
(420,2011)
(2236,1995)
(2341,2773)
(2655,1740)
(2883,1111)
(3240,2593)
(3256,2222)
(3301,1182)
(71,1010)
(208,2367)
(225,1773)
(356,2340)
(392,94)
(479,1921)
(779,2385)
(1678,1201)
(1680,405)
(1738,1786)
(1846,2746)
(2535,1966)
(2912,2461)
(3186,2685)
(3254,2041)
(3285,2093)
(55,58)
(59,1330)
(89,1290)
(191,2550)
(688,1876)
(869,1921)
(899,2574)
(1290,2553)
(1620,1432)
(2760,934)
(3137,1380)
(3227,2622)
(714,26)
(762,930)
(929,1170)
(1049,329)
(1694,2521)
(1934,2633)
(1981,2777)
(267,2342)
(1266,29)
(1891,2730)
(3180,1560)
